south=46.558860
west=23.103337
east=24.068298
north=46.970882
zoom=10
thumb= "thumb_original_url"
download_directory=""
